1
85
9mm 50 5.56mm 60 7.62mm 10 12mm 10
0
1

1
35
0 4 14 8
75 209
1
-0.9999959183923364 -0.0028571311954067014 enemy 440.50000816321534 227.49428573760918 2 15
35
740 70 boss 1000 60 60
1580 175 shooter 100 30 30
425 210 shooter 100 30 28
1580 210 shooter 100 30 30
1580 245 shooter 100 30 30
1720 280 shooter 100 30 30
1720 315 shooter 100 30 30
75 350 ghost 100 30 28
102.65646011610237 318.85897569284583 ghost 100 30 28
361.11542277862026 336.26156470449996 ghost 100 30 28
395.59598811814845 337.4067290446644 ghost 100 30 28
1405 455 boss 1000 60 60
75 490 shooter 100 30 30
110 490 shooter 100 30 30
460 560 shooter 100 30 30
1195 665 shooter 100 30 30
75 700 ghost 100 30 30
1475 700 ghost 100 30 30
75 735 shooter 100 30 30
250 770 ghost 100 30 30
1615 840 ghost 100 30 30
600 945 ghost 100 30 30
635 945 ghost 100 30 30
670 945 ghost 100 30 30
705 945 ghost 100 30 30
1440 945 ghost 100 30 30
1545 945 ghost 100 30 30
985 980 shooter 100 30 30
1020 980 shooter 100 30 30
1090 980 shooter 100 30 30
1125 980 shooter 100 30 30
1195 980 shooter 100 30 30
1230 980 shooter 100 30 30
1370 980 ghost 100 30 30
1615 980 ghost 100 30 30
2
1580 70
530 560
15
Weapon 0
0
0
0
0
0
0
0
0
0
0
0
0
0
0
10
3
0
0